chr1_block0 1 1961168 3666172
chr1_block1 1 4320751 5853833
chr1_block2 1 5853833 7187275
chr1_block3 1 7187275 9305140
chr1_block4 1 9305140 10746927
chr1_block5 1 10746927 11717784
chr1_block6 1 11717784 12719464
chr1_block6a 1 12719465 14565014
chr1_block7 1 14565015 16571235
chr1_block8 1 16571235 18336405
chr1_block9 1 18336405 20142656
chr1_block10 1 20142656 21410095
chr1_block11 1 21410095 22760390
chr1_block12 1 22760390 23594100
chr1_block13 1 23594100 25190354
chr1_block14 1 25190354 27075376
chr1_block14a 1 27075377 29689033
chr1_block15 1 29689034 31973084
chr1_block16 1 31973084 34334157
chr1_block17 1 34334157 37083582
chr1_block18 1 37083582 38266175
chr1_block19 1 38266175 39734895
chr1_block20 1 39734895 41509656
chr1_block21 1 41509656 43292786
chr1_block22 1 43292786 44503511
chr1_block23 1 44503511 46433829
chr1_block24 1 46433829 47536904
chr1_block25 1 47536904 48512516
chr1_block26 1 48512516 49428505
chr1_block27 1 49428505 51248054
chr1_block28 1 51248054 53760589
chr1_block29 1 53760589 55947444
chr1_block30 1 55947444 56556055
chr1_block31 1 56556055 58399727
chr1_block32 1 58399727 59424737
chr1_block33 1 59424737 61456693
chr1_block34 1 61456693 62989418
chr1_block35 1 62989418 64576021
chr1_block36 1 64576021 66473721
chr1_block37 1 66473721 68012212
chr1_block38 1 68012212 69221933
chr1_block39 1 69221933 70906787
chr1_block40 1 70906787 71218722
chr1_block41 1 71218722 73861224
chr1_block42 1 73861224 76262450
chr1_block43 1 76262450 79195513
chr1_block44 1 79195513 80888506
chr1_block45 1 80888506 83526065
chr1_block46 1 83526065 84378812
chr1_block47 1 84378812 85989068
chr1_block48 1 85989068 87662948
chr1_block49 1 87662948 89600744
chr1_block50 1 89600744 91420760
chr1_block51 1 91420760 93070902
chr1_block52 1 93070902 94040635
chr1_block53 1 94040635 95685337
chr1_block54 1 95685337 97419693
chr1_block55 1 97419693 99335048
chr1_block56 1 99335048 100360849
chr1_block57 1 100360849 101575460
chr1_block58 1 101575460 102433189
chr1_block58a 1 102433190 103371588
chr1_block59 1 103371589 105545220
chr1_block60 1 105545220 107867043
chr1_block61 1 107867043 109761309
chr1_block62 1 109761309 111199115
chr1_block63 1 111199115 112730684
chr1_block64 1 112730684 114331223
chr1_block65 1 114331223 115337972
chr1_block66 1 115337972 118296444
chr1_block66a 1 118296445 151566404
chr1_block67 1 151566405 153208353
chr1_block68 1 153208353 154797927
chr1_block69 1 154797927 156366342
chr1_block70 1 156366342 158057622
chr1_block71 1 158057622 159943258
chr1_block72 1 159943258 162376931
chr1_block73 1 162376931 165222465
chr1_block74 1 165222465 166491280
chr1_block75 1 166491280 169117086
chr1_block76 1 169117086 170588635
chr1_block77 1 170588635 173128768
chr1_block78 1 173128768 175120632
chr1_block79 1 175120632 177464245
chr1_block80 1 177464245 178975174
chr1_block81 1 178975174 178985335
chr1_block82 1 178985335 181174985
chr1_block83 1 181174985 182786221
chr1_block84 1 182786221 184626379
chr1_block85 1 184626379 186840891
chr1_block86 1 186840891 188790814
chr1_block87 1 188790814 189935000
chr1_block88 1 189935000 191899800
chr1_block89 1 191899800 194138312
chr1_block90 1 194138312 196207071
chr1_block91 1 196207071 197342384
chr1_block92 1 197342384 199270756
chr1_block93 1 199270756 200168521
chr1_block94 1 200168521 201620847
chr1_block95 1 201620847 203365606
chr1_block96 1 203365606 204711940
chr1_block96a 1 204711941 208237018
chr1_block97 1 208237019 210614406
chr1_block98 1 210614406 212668988
chr1_block99 1 212668988 214404923
chr1_block100 1 214404923 216070292
chr1_block101 1 216070292 218532171
chr1_block102 1 218532171 219417229
chr1_block103 1 219417229 221684889
chr1_block104 1 221684889 222056878
chr1_block105 1 222056878 224750818
chr1_block106 1 224750818 226623159
chr1_block107 1 226623159 229020501
chr1_block108 1 229020501 230549509
chr1_block109 1 230549509 231954506
chr1_block110 1 231954506 233293538
chr1_block111 1 233293538 234463688
chr1_block112 1 234463688 235656136
chr1_block113 1 235656136 237392328
chr1_block114 1 237392328 238404507
chr1_block115 1 238404507 239762014
chr1_block116 1 239762014 240400791
chr1_block117 1 240400791 241418920
chr1_block118 1 241418920 241908300
chr1_block119 1 241908300 243946197
chr1_block120 1 243946197 245343444
chr1_block121 1 245343444 247181216
chr2_block0 2 10133 1777250
chr2_block1 2 1777250 3926189
chr2_block1a 2 3926190 5568204
chr2_block2 2 5568205 6696122
chr2_block3 2 6696122 8282017
chr2_block4 2 8282017 10158342
chr2_block5 2 10158342 12279024
chr2_block6 2 12279024 14195184
chr2_block7 2 14195184 16148467
chr2_block8 2 16148467 18466157
chr2_block9 2 18466157 19492643
chr2_block10 2 19492643 20850730
chr2_block11 2 20850730 23118512
chr2_block12 2 23118512 24464049
chr2_block13 2 24464049 26672117
chr2_block14 2 26672117 28375910
chr2_block15 2 28375910 28994693
chr2_block16 2 28994693 30240845
chr2_block17 2 30240845 31327584
chr2_block18 2 31327584 33138710
chr2_block19 2 33138710 35119962
chr2_block20 2 35119962 35896940
chr2_block21 2 35896940 37905569
chr2_block22 2 37905569 38804195
chr2_block23 2 38804195 40054343
chr2_block24 2 40054343 43082452
chr2_block25 2 43082452 44086664
chr2_block26 2 44086664 46255495
chr2_block27 2 46255495 47091633
chr2_block28 2 47091633 47985862
chr2_block29 2 47985862 49795119
chr2_block30 2 49795119 50591790
chr2_block31 2 50591790 52263995
chr2_block32 2 52263995 53281314
chr2_block33 2 53281314 54458089
chr2_block34 2 54458089 55976210
chr2_block35 2 55976210 57201965
chr2_block36 2 57201965 58070180
chr2_block37 2 58070180 60064865
chr2_block38 2 60064865 62201909
chr2_block39 2 62201909 64398779
chr2_block40 2 64398779 65706310
chr2_block41 2 65706310 66999034
chr2_block42 2 66999034 67783044
chr2_block43 2 67783044 68912432
chr2_block44 2 68912432 70528066
chr2_block45 2 70528066 72947719
chr2_block46 2 72947719 75402960
chr2_block47 2 75402960 76686535
chr2_block48 2 76686535 77852138
chr2_block49 2 77852138 79823277
chr2_block50 2 79823277 81393717
chr2_block51 2 81393717 84913556
chr2_block52 2 84913556 87738988
chr2_block53 2 87738988 88855013
chr2_block53a 2 88855014 94660726
chr2_block54 2 94660727 98378738
chr2_block55 2 98378738 101205867
chr2_block56 2 101205867 102072305
chr2_block57 2 102072305 102971757
chr2_block58 2 102971757 104508576
chr2_block59 2 104508576 105593601
chr2_block60 2 105593601 106791811
chr2_block61 2 106791811 107812721
chr2_block61a 2 107812722 109814854
chr2_block62 2 109814855 113164279
chr2_block63 2 113164279 116014894
chr2_block64 2 116014894 117609890
chr2_block65 2 117609890 120546207
chr2_block66 2 120546207 122545330
chr2_block67 2 122545330 123974673
chr2_block68 2 123974673 125083344
chr2_block69 2 125083344 126616187
chr2_block70 2 126616187 127276771
chr2_block71 2 127276771 128716867
chr2_block72 2 128716867 129309597
chr2_block73 2 129309597 129900512
chr2_block74 2 129900512 132285211
chr2_block75 2 132285211 134401007
chr2_block76 2 134401007 136285224
chr2_block77 2 136285224 137940547
chr2_block78 2 137940547 139342701
chr2_block79 2 139342701 141047782
chr2_block80 2 141047782 141761033
chr2_block81 2 141761033 143761915
chr2_block82 2 143761915 145688002
chr2_block83 2 145688002 146519594
chr2_block84 2 146519594 149353778
chr2_block85 2 149353778 150874948
chr2_block86 2 150874948 151630268
chr2_block87 2 151630268 153148542
chr2_block88 2 153148542 154534623
chr2_block89 2 154534623 156704123
chr2_block90 2 156704123 157676706
chr2_block91 2 157676706 158720570
chr2_block92 2 158720570 160913222
chr2_block93 2 160913222 162647041
chr2_block94 2 162647041 163610128
chr2_block95 2 163610128 164322330
chr2_block96 2 164322330 166303760
chr2_block97 2 166303760 166499460
chr2_block98 2 166499460 169111726
chr2_block99 2 169111726 170369735
chr2_block100 2 170369735 172274177
chr2_block101 2 172274177 174724201
chr2_block102 2 174724201 176498908
chr2_block103 2 176498908 177688455
chr2_block104 2 177688455 180448012
chr2_block105 2 180448012 181401304
chr2_block106 2 181401304 183492880
chr2_block107 2 183492880 184415446
chr2_block108 2 184415446 189017339
chr2_block109 2 189017339 191108631
chr2_block110 2 191108631 194996440
chr2_block111 2 194996440 195582732
chr2_block112 2 195582732 197213386
chr2_block113 2 197213386 198446401
chr2_block114 2 198446401 200711561
chr2_block115 2 200711561 201953914
chr2_block116 2 201953914 204934518
chr2_block117 2 204934518 205870980
chr2_block118 2 205870980 207780675
chr2_block119 2 207780675 209076805
chr2_block120 2 209076805 211514793
chr2_block121 2 211514793 213149558
chr2_block122 2 213149558 214709071
chr2_block123 2 214709071 216850938
chr2_block124 2 216850938 217530757
chr2_block125 2 217530757 219589829
chr2_block126 2 219589829 221656456
chr2_block127 2 221656456 223994702
chr2_block128 2 223994702 224975287
chr2_block129 2 224975287 227255126
chr2_block130 2 227255126 228506071
chr2_block131 2 228506071 230978674
chr2_block132 2 230978674 232685293
chr2_block133 2 232685293 234242343
chr2_block134 2 234242343 235134906
chr2_block135 2 235134906 236540389
chr2_block136 2 236540389 237852338
chr2_block137 2 237852338 239030947
chr2_block138 2 239030947 240620667
chr2_block139 2 240620667 241210506
chr3_block0 3 18479 1400095
chr3_block1 3 1400095 2950436
chr3_block2 3 2950436 4389963
chr3_block3 3 4389963 6041496
chr3_block4 3 6041496 7041700
chr3_block5 3 7041700 8606875
chr3_block6 3 8606875 9501499
chr3_block7 3 9501499 10977979
chr3_block8 3 10977979 13029299
chr3_block9 3 13029299 14775393
chr3_block10 3 14775393 16240935
chr3_block11 3 16240935 17849626
chr3_block12 3 17849626 19083652
chr3_block13 3 19083652 20049856
chr3_block14 3 20049856 21602215
chr3_block15 3 21602215 22162752
chr3_block16 3 22162752 23763374
chr3_block17 3 23763374 25420067
chr3_block18 3 25420067 26836278
chr3_block19 3 26836278 27799419
chr3_block20 3 27799419 29100769
chr3_block21 3 29100769 30676463
chr3_block22 3 30676463 32310223
chr3_block23 3 32310223 33214100
chr3_block24 3 33214100 35241966
chr3_block25 3 35241966 36445350
chr3_block26 3 36445350 38314625
chr3_block27 3 38314625 40179807
chr3_block28 3 40179807 41023037
chr3_block29 3 41023037 42498510
chr3_block30 3 42498510 45123661
chr3_block31 3 45123661 46616010
chr3_block32 3 46616010 47685722
chr3_block33 3 47685722 49279539
chr3_block34 3 49279539 51797999
chr3_block35 3 51797999 54047363
chr3_block36 3 54047363 55314832
chr3_block37 3 55314832 56399879
chr3_block38 3 56399879 58171792
chr3_block39 3 58171792 60287177
chr3_block40 3 60287177 62369991
chr3_block41 3 62369991 63683610
chr3_block42 3 63683610 65287863
chr3_block42a 3 65287864 66220020
chr3_block43 3 66220021 68237764
chr3_block44 3 68237764 69227611
chr3_block45 3 69227611 70399877
chr3_block46 3 70399877 72480178
chr3_block47 3 72480178 74272666
chr3_block48 3 74272666 75655798
chr3_block49 3 75655798 77459684
chr3_block50 3 77459684 78975391
chr3_block51 3 78975391 81378159
chr3_block52 3 81378159 82594735
chr3_block53 3 82594735 84318328
chr3_block54 3 84318328 85533081
chr3_block55 3 85533081 87360582
chr3_block56 3 87360582 88249223
chr3_block56a 3 88249224 94536471
chr3_block57 3 94536472 95593127
chr3_block58 3 95593127 98497106
chr3_block59 3 98497106 99654918
chr3_block60 3 99654918 100873373
chr3_block61 3 100873373 103366116
chr3_block62 3 103366116 104862769
chr3_block63 3 104862769 107263964
chr3_block64 3 107263964 109803548
chr3_block65 3 109803548 110794923
chr3_block66 3 110794923 113096852
chr3_block67 3 113096852 114229016
chr3_block68 3 114229016 115728233
chr3_block69 3 115728233 117081306
chr3_block70 3 117081306 118811404
chr3_block71 3 118811404 120804208
chr3_block72 3 120804208 122255250
chr3_block73 3 122255250 123798921
chr3_block74 3 123798921 125217798
chr3_block75 3 125217798 126496100
chr3_block76 3 126496100 128476018
chr3_block77 3 128476018 130525891
chr3_block78 3 130525891 132117672
chr3_block79 3 132117672 133533329
chr3_block80 3 133533329 135738064
chr3_block81 3 135738064 137652241
chr3_block82 3 137652241 140235755
chr3_block83 3 140235755 141620255
chr3_block84 3 141620255 143445786
chr3_block85 3 143445786 144691974
chr3_block86 3 144691974 145946832
chr3_block87 3 145946832 147008842
chr3_block88 3 147008842 149325450
chr3_block89 3 149325450 150534217
chr3_block90 3 150534217 151630942
chr3_block91 3 151630942 153538782
chr3_block92 3 153538782 154996429
chr3_block93 3 154996429 156290911
chr3_block94 3 156290911 157594239
chr3_block95 3 157594239 159760101
chr3_block96 3 159760101 161806716
chr3_block97 3 161806716 163535417
chr3_block98 3 163535417 165337681
chr3_block99 3 165337681 167399641
chr3_block100 3 167399641 168863172
chr3_block101 3 168863172 171247120
chr3_block102 3 171247120 172577941
chr3_block103 3 172577941 173759495
chr3_block104 3 173759495 175398750
chr3_block105 3 175398750 176602499
chr3_block106 3 176602499 178389377
chr3_block107 3 178389377 179656798
chr3_block108 3 179656798 181793378
chr3_block109 3 181793378 184051895
chr3_block110 3 184051895 185350467
chr3_block111 3 185350467 187172556
chr3_block112 3 187172556 189138425
chr3_block113 3 189138425 190508818
chr3_block114 3 190508818 192626025
chr3_block115 3 192626025 194338942
chr3_block116 3 194338942 195065945
chr3_block117 3 195065945 196244537
chr3_block118 3 196244537 197349116
chr3_block119 3 197349116 198219751
chr4_block0 4 10240 700926
chr4_block1 4 1476986 2841252
chr4_block2 4 2841252 3844313
chr4_block3 4 3844313 4682389
chr4_block4 4 4682389 5500661
chr4_block5 4 5500661 6771316
chr4_block6 4 6771316 7537965
chr4_block7 4 7537965 8150508
chr4_block7a 4 8150509 9324752
chr4_block8 4 9324753 10697528
chr4_block9 4 10697528 12321410
chr4_block10 4 12321410 14270377
chr4_block11 4 14270377 15145822
chr4_block12 4 15145822 15925386
chr4_block13 4 15925386 17381699
chr4_block14 4 17381699 18840251
chr4_block15 4 18840251 20542934
chr4_block16 4 20542934 22317724
chr4_block17 4 22317724 24133906
chr4_block18 4 24133906 25607700
chr4_block19 4 25607700 27342100
chr4_block20 4 27342100 27964246
chr4_block21 4 27964246 29760586
chr4_block22 4 29760586 30452913
chr4_block23 4 30452913 31781359
chr4_block24 4 31781359 33171144
chr4_block25 4 33171144 35149793
chr4_block26 4 35149793 36018814
chr4_block27 4 36018814 37253425
chr4_block28 4 37253425 38905401
chr4_block29 4 38905401 40200989
chr4_block30 4 40200989 42211041
chr4_block31 4 42211041 43963028
chr4_block32 4 43963028 45187140
chr4_block33 4 45187140 47409879
chr4_block34 4 47409879 48121583
chr4_block34a 4 48121584 53011265
chr4_block35 4 53011266 54563389
chr4_block36 4 54563389 55681477
chr4_block37 4 55681477 58068842
chr4_block38 4 58068842 59875369
chr4_block39 4 59875369 61506045
chr4_block40 4 61506045 63475283
chr4_block41 4 63475283 65734774
chr4_block42 4 65734774 67193779
chr4_block43 4 67193779 67989047
chr4_block44 4 67989047 70183435
chr4_block45 4 70183435 71274841
chr4_block46 4 71274841 73726673
chr4_block47 4 73726673 76209554
chr4_block48 4 76209554 78172825
chr4_block49 4 78172825 80069143
chr4_block50 4 80069143 81204161
chr4_block51 4 81204161 82451440
chr4_block52 4 82451440 83878503
chr4_block53 4 83878503 86009456
chr4_block54 4 86009456 86613495
chr4_block55 4 86613495 88316876
chr4_block56 4 88316876 89310413
chr4_block57 4 89310413 90639526
chr4_block58 4 90639526 93312148
chr4_block59 4 93312148 95261037
chr4_block60 4 95261037 96619552
chr4_block61 4 96619552 98502916
chr4_block62 4 98502916 99757203
chr4_block63 4 99757203 102300199
chr4_block64 4 102300199 104384137
chr4_block65 4 104384137 106580148
chr4_block66 4 106580148 107894192
chr4_block67 4 107894192 110335411
chr4_block68 4 110335411 112948946
chr4_block69 4 112948946 114745090
chr4_block70 4 114745090 116355773
chr4_block71 4 116355773 117558763
chr4_block72 4 117558763 119012357
chr4_block73 4 119012357 119471529
chr4_block74 4 119471529 121736832
chr4_block75 4 121736832 123365326
chr4_block76 4 123365326 124289707
chr4_block77 4 124289707 125559731
chr4_block78 4 125559731 126354322
chr4_block79 4 126354322 126909138
chr4_block80 4 126909138 128075510
chr4_block81 4 128075510 129670730
chr4_block82 4 129670730 130362666
chr4_block83 4 130362666 132032878
chr4_block84 4 132032878 133707279
chr4_block85 4 133707279 135645252
chr4_block86 4 135645252 137620817
chr4_block87 4 137620817 138635357
chr4_block88 4 138635357 140163477
chr4_block89 4 140163477 142522112
chr4_block90 4 142522112 145257035
chr4_block91 4 145257035 147600722
chr4_block92 4 147600722 149762428
chr4_block93 4 149762428 151861032
chr4_block94 4 151861032 153556489
chr4_block95 4 153556489 154134974
chr4_block96 4 154134974 156563945
chr4_block97 4 156563945 157822566
chr4_block98 4 157822566 160137712
chr4_block99 4 160137712 160905283
chr4_block100 4 160905283 162322527
chr4_block101 4 162322527 163557082
chr4_block102 4 163557082 164902296
chr4_block103 4 164902296 166097706
chr4_block104 4 166097706 166931766
chr4_block105 4 166931766 168755674
chr4_block106 4 168755674 169855359
chr4_block107 4 169855359 171637484
chr4_block108 4 171637484 173342981
chr4_block109 4 173342981 175649565
chr4_block110 4 175649565 178070756
chr4_block111 4 178070756 179200889
chr4_block112 4 179200889 181145654
chr4_block113 4 181145654 182450122
chr4_block114 4 182450122 184008302
chr4_block115 4 184008302 185987936
chr4_block116 4 185987936 187551827
chr4_block117 4 187551827 188772357
chr4_block118 4 188772357 190122439
chr5_block0 5 11940 982137
chr5_block1 5 982137 2132328
chr5_block2 5 2132328 3361827
chr5_block3 5 3361827 4631997
chr5_block4 5 4631997 5973120
chr5_block5 5 5973120 7143105
chr5_block6 5 7143105 8446223
chr5_block7 5 8446223 9718720
chr5_block8 5 9718720 11173159
chr5_block9 5 11173159 13464722
chr5_block10 5 13464722 14757695
chr5_block11 5 14757695 16963504
chr5_block12 5 16963504 18051483
chr5_block13 5 18051483 19917607
chr5_block14 5 19917607 22151964
chr5_block15 5 22151964 23494215
chr5_block16 5 23494215 26184742
chr5_block17 5 26184742 26857495
chr5_block18 5 26857495 27984406
chr5_block19 5 27984406 29714713
chr5_block20 5 29714713 31390142
chr5_block21 5 31390142 33500075
chr5_block22 5 33500075 35048865
chr5_block23 5 35048865 36433852
chr5_block24 5 36433852 38802308
chr5_block25 5 38802308 40287627
chr5_block26 5 40287627 41888608
chr5_block27 5 41888608 43983397
chr5_block27a 5 43983398 50867563
chr5_block28 5 50867564 52838788
chr5_block29 5 52838788 54407214
chr5_block30 5 54407214 56121522
chr5_block31 5 56121522 57325275
chr5_block32 5 57325275 58044246
chr5_block33 5 58044246 59228796
chr5_block34 5 59228796 61640080
chr5_block35 5 61640080 62377168
chr5_block36 5 62377168 63923160
chr5_block37 5 63923160 64672477
chr5_block38 5 64672477 66615458
chr5_block39 5 66615458 68555033
chr5_block40 5 68555033 71944629
chr5_block41 5 71944629 74463501
chr5_block42 5 74463501 76503041
chr5_block43 5 76503041 78327508
chr5_block44 5 78327508 80097321
chr5_block45 5 80097321 81185652
chr5_block46 5 81185652 82729829
chr5_block47 5 82729829 84676871
chr5_block48 5 84676871 86471473
chr5_block49 5 86471473 88094174
chr5_block50 5 88094174 89595713
chr5_block51 5 89595713 91126837
chr5_block52 5 91126837 92504835
chr5_block53 5 92504835 94474279
chr5_block54 5 94474279 96627815
chr5_block55 5 96627815 97979897
chr5_block56 5 97979897 99925288
chr5_block57 5 99925288 102243065
chr5_block58 5 102243065 103984304
chr5_block59 5 103984304 105515782
chr5_block60 5 105515782 106557354
chr5_block61 5 106557354 107928495
chr5_block62 5 107928495 109298233
chr5_block63 5 109298233 111485446
chr5_block64 5 111485446 112645865
chr5_block65 5 112645865 114060588
chr5_block66 5 114060588 115494673
chr5_block67 5 115494673 116495351
chr5_block68 5 116495351 118010518
chr5_block69 5 118010518 119273125
chr5_block70 5 119273125 120333347
chr5_block71 5 120333347 121116471
chr5_block72 5 121116471 123221211
chr5_block73 5 123221211 124462407
chr5_block74 5 124462407 126449957
chr5_block75 5 126449957 128008912
chr5_block76 5 128008912 130183332
chr5_block77 5 130183332 132803957
chr5_block78 5 132803957 135441711
chr5_block79 5 135441711 137040361
chr5_block80 5 137040361 139885487
chr5_block81 5 139885487 141266403
chr5_block82 5 141266403 143601683
chr5_block83 5 143601683 145563791
chr5_block84 5 145563791 147802435
chr5_block85 5 147802435 149283061
chr5_block86 5 149283061 151181737
chr5_block87 5 151181737 153488214
chr5_block88 5 153488214 154393528
chr5_block89 5 154393528 155946495
chr5_block90 5 155946495 157201689
chr5_block91 5 157201689 159398690
chr5_block92 5 159398690 160546937
chr5_block93 5 160546937 162055127
chr5_block94 5 162055127 163316902
chr5_block95 5 163316902 164344576
chr5_block96 5 164344576 166215390
chr5_block97 5 166215390 167420735
chr5_block98 5 167420735 169098313
chr5_block99 5 169098313 170078660
chr5_block100 5 170078660 171647288
chr5_block101 5 171647288 173251324
chr5_block102 5 173251324 174215868
chr5_block103 5 174215868 176023592
chr5_block104 5 176023592 177824506
chr5_block105 5 177824506 178986463
chr5_block106 5 178986463 179974244
chr5_block107 5 179974244 181132933
chr5_block108 5 181132933 181458155
chr6_block0 6 73924 1452127
chr6_block1 6 1452127 2458702
chr6_block2 6 2458702 3573359
chr6_block3 6 3573359 4617583
chr6_block4 6 4617583 5791239
chr6_block5 6 5791239 6784974
chr6_block6 6 6784974 7808703
chr6_block7 6 7808703 9019793
chr6_block8 6 9019793 10540084
chr6_block9 6 10540084 11790583
chr6_block10 6 11790583 13209156
chr6_block11 6 13209156 14802693
chr6_block12 6 14802693 17386174
chr6_block13 6 17386174 19207256
chr6_block14 6 19207256 21683834
chr6_block15 6 21683834 22748078
chr6_block16 6 22748078 23936391
chr6_block17 6 23936391 24852047
chr6_block18 6 24852047 25684359
chr6_block19 6 25684359 26791023
chr6_block20 6 26791023 28050041
chr6_block21 6 28050041 28949831
chr6_block22 6 28949831 29770194
chr6_block23 6 29770194 30830391
chr6_block24 6 30830391 31603441
chr6_block25 6 31603441 32714887
chr6_block26 6 32714887 33268720
chr6_block27 6 33268720 35487979
chr6_block28 6 35487979 37604820
chr6_block29 6 37604820 39327901
chr6_block30 6 39327901 40377376
chr6_block31 6 40377376 42070983
chr6_block32 6 42070983 43788432
chr6_block33 6 43788432 45438826
chr6_block34 6 45438826 47344162
chr6_block35 6 47344162 48423389
chr6_block36 6 48423389 50418432
chr6_block37 6 50418432 52345678
chr6_block38 6 52345678 53414304
chr6_block39 6 53414304 55603472
chr6_block40 6 55603472 56240515
chr6_block41 6 56240515 60631718
chr6_block41a 6 60631719 62842982
chr6_block42 6 62842983 65055849
chr6_block43 6 65055849 66619322
chr6_block44 6 66619322 68139591
chr6_block45 6 68139591 68813556
chr6_block46 6 68813556 70899807
chr6_block47 6 70899807 72740374
chr6_block48 6 72740374 74752287
chr6_block49 6 74752287 76705164
chr6_block50 6 76705164 78248011
chr6_block51 6 78248011 79981453
chr6_block52 6 79981453 81219505
chr6_block53 6 81219505 82417432
chr6_block54 6 82417432 84500271
chr6_block55 6 84500271 86359782
chr6_block56 6 86359782 88112422
chr6_block57 6 88112422 89263333
chr6_block58 6 89263333 91133478
chr6_block59 6 91133478 92718926
chr6_block60 6 92718926 93408424
chr6_block61 6 93408424 93731457
chr6_block61a 6 93731458 96645634
chr6_block62 6 96645635 97394408
chr6_block63 6 97394408 100182270
chr6_block64 6 100182270 102188897
chr6_block65 6 102188897 103535520
chr6_block66 6 103535520 105608858
chr6_block67 6 105608858 107129102
chr6_block68 6 107129102 108143176
chr6_block69 6 108143176 109983044
chr6_block70 6 109983044 112023811
chr6_block71 6 112023811 113899669
chr6_block72 6 113899669 115810232
chr6_block73 6 115810232 117351809
chr6_block74 6 117351809 118641952
chr6_block75 6 118641952 119642117
chr6_block76 6 119642117 120190982
chr6_block77 6 120190982 121584530
chr6_block78 6 121584530 123535036
chr6_block79 6 123535036 125103237
chr6_block80 6 125103237 127219316
chr6_block81 6 127219316 129539886
chr6_block82 6 129539886 130614309
chr6_block83 6 130614309 132444530
chr6_block84 6 132444530 133923105
chr6_block85 6 133923105 135903039
chr6_block86 6 135903039 137293081
chr6_block87 6 137293081 138501492
chr6_block88 6 138501492 139524299
chr6_block89 6 139524299 141967342
chr6_block90 6 141967342 144998674
chr6_block91 6 144998674 146344288
chr6_block92 6 146344288 148599216
chr6_block93 6 148599216 149932268
chr6_block94 6 149932268 151591568
chr6_block95 6 151591568 152773361
chr6_block96 6 152773361 154652986
chr6_block97 6 154652986 156442192
chr6_block97a 6 156442193 157797686
chr6_block98 6 157797687 160159465
chr6_block99 6 160159465 161748532
chr6_block100 6 161748532 162510171
chr6_block101 6 162510171 163962489
chr6_block102 6 163962489 165173375
chr6_block103 6 165173375 166611245
chr6_block103a 6 166611246 167642154
chr6_block104 6 167642155 168981955
chr6_block104a 6 168981956 170014948
chr6_block105 6 170014949 170742182
chr7_block0 7 933116 1313431
chr7_block1 7 1313431 2022763
chr7_block2 7 2022763 2732593
chr7_block3 7 2732593 4533797
chr7_block4 7 4533797 5376601
chr7_block5 7 5376601 5814895
chr7_block6 7 5814895 6534226
chr7_block7 7 6534226 7769121
chr7_block8 7 7769121 9083793
chr7_block9 7 9083793 9947872
chr7_block10 7 9947872 11259571
chr7_block11 7 11259571 12595836
chr7_block12 7 12595836 13844577
chr7_block13 7 13844577 15104032
chr7_block14 7 15104032 16862445
chr7_block15 7 16862445 19441924
chr7_block16 7 19441924 20085285
chr7_block17 7 20085285 22468010
chr7_block18 7 22468010 23431823
chr7_block19 7 23431823 25037640
chr7_block20 7 25037640 25869935
chr7_block21 7 25869935 28320690
chr7_block22 7 28320690 31097675
chr7_block23 7 31097675 33516156
chr7_block24 7 33516156 36173929
chr7_block25 7 36173929 37515581
chr7_block26 7 37515581 38927103
chr7_block27 7 38927103 39823071
chr7_block28 7 39823071 41962213
chr7_block29 7 41962213 43119475
chr7_block30 7 43119475 44724229
chr7_block31 7 44724229 45913323
chr7_block32 7 45913323 46947122
chr7_block33 7 46947122 49172682
chr7_block34 7 49172682 51607626
chr7_block35 7 51607626 53108619
chr7_block36 7 53108619 54155283
chr7_block37 7 54155283 55623891
chr7_block38 7 55623891 57314931
chr7_block38a 7 57314932 63846980
chr7_block39 7 63846981 64180747
chr7_block40 7 64180747 66224822
chr7_block41 7 66224822 68769087
chr7_block42 7 68769087 69620378
chr7_block43 7 69620378 72409900
chr7_block44 7 72409900 73920272
chr7_block44a 7 73920273 76829246
chr7_block45 7 76829247 78464542
chr7_block46 7 78464542 80258753
chr7_block47 7 80258753 82393370
chr7_block48 7 82393370 84171887
chr7_block49 7 84171887 85942866
chr7_block50 7 85942866 88195689
chr7_block51 7 88195689 91032469
chr7_block52 7 91032469 92864438
chr7_block53 7 92864438 94337289
chr7_block54 7 94337289 96444196
chr7_block55 7 96444196 97470258
chr7_block56 7 97470258 99117851
chr7_block57 7 99117851 100599028
chr7_block57a 7 100599029 101555971
chr7_block58 7 101555972 103557063
chr7_block59 7 103557063 104519078
chr7_block60 7 104519078 106042459
chr7_block61 7 106042459 108139733
chr7_block62 7 108139733 110007537
chr7_block63 7 110007537 112978629
chr7_block64 7 112978629 114072332
chr7_block65 7 114072332 117140124
chr7_block66 7 117140124 118711527
chr7_block67 7 118711527 121405219
chr7_block68 7 121405219 122293576
chr7_block69 7 122293576 124516751
chr7_block70 7 124516751 124527498
chr7_block71 7 124527498 126879116
chr7_block72 7 126879116 127229167
chr7_block73 7 127229167 129138332
chr7_block73a 7 129138333 130737652
chr7_block74 7 130737653 133121089
chr7_block75 7 133121089 134622844
chr7_block76 7 134622844 135906335
chr7_block77 7 135906335 137191815
chr7_block78 7 137191815 139059933
chr7_block79 7 139059933 140233377
chr7_block80 7 140233377 140535410
chr7_block81 7 140535410 141526757
chr7_block81a 7 141526758 142959222
chr7_block82 7 142959223 145271196
chr7_block83 7 145271196 146730868
chr7_block84 7 146730868 148118226
chr7_block85 7 148118226 150143569
chr7_block86 7 150143569 151014417
chr7_block87 7 151014417 152552721
chr7_block88 7 152552721 153976934
chr7_block88a 7 153976935 155173019
chr7_block89 7 155173020 156272556
chr7_block90 7 156272556 157841905
chr7_block91 7 157841905 159335885
chr8_block0 8 60422 1094217
chr8_block1 8 1094217 1213245
chr8_block2 8 1213245 2095102
chr8_block2a 8 2095103 2715740
chr8_block3 8 2715741 3535404
chr8_block4 8 3535404 3925495
chr8_block5 8 3925495 4622954
chr8_block6 8 4622954 5289405
chr8_block7 8 5289405 6285276
chr8_block8 8 6285276 7295557
chr8_block9 8 7295557 9297184
chr8_block10 8 9297184 9783277
chr8_block11 8 9783277 10605687
chr8_block12 8 10605687 11421489
chr8_block13 8 11421489 13634266
chr8_block14 8 13634266 14087483
chr8_block15 8 14087483 16134151
chr8_block16 8 16134151 17530367
chr8_block17 8 17530367 17978890
chr8_block18 8 17978890 19635329
chr8_block19 8 19635329 20203345
chr8_block20 8 20203345 21804225
chr8_block21 8 21804225 23039544
chr8_block22 8 23039544 24817205
chr8_block23 8 24817205 25625938
chr8_block24 8 25625938 26825008
chr8_block25 8 26825008 28304875
chr8_block26 8 28304875 29470379
chr8_block27 8 29470379 31276213
chr8_block28 8 31276213 31690844
chr8_block29 8 31690844 33119700
chr8_block30 8 33119700 35459714
chr8_block31 8 35459714 37521871
chr8_block32 8 37521871 39081287
chr8_block33 8 39081287 40845818
chr8_block34 8 40845818 41863936
chr8_block35 8 41863936 42918680
chr8_block35a 8 42918681 45929692
chr8_block36 8 45929693 49169911
chr8_block37 8 49169911 52390370
chr8_block38 8 52390370 53505484
chr8_block39 8 53505484 55033021
chr8_block40 8 55033021 56043824
chr8_block41 8 56043824 58156092
chr8_block42 8 58156092 58815541
chr8_block43 8 58815541 61416540
chr8_block44 8 61416540 62436747
chr8_block45 8 62436747 64320315
chr8_block46 8 64320315 65576855
chr8_block47 8 65576855 68950822
chr8_block48 8 68950822 69955744
chr8_block49 8 69955744 71377219
chr8_block50 8 71377219 72904964
chr8_block51 8 72904964 74532829
chr8_block52 8 74532829 75544307
chr8_block53 8 75544307 78220626
chr8_block54 8 78220626 81044160
chr8_block55 8 81044160 81781504
chr8_block56 8 81781504 83313354
chr8_block57 8 83313354 85043384
chr8_block57a 8 85043385 86399479
chr8_block58 8 86399480 88073253
chr8_block59 8 88073253 89625933
chr8_block60 8 89625933 92542158
chr8_block61 8 92542158 93993299
chr8_block62 8 93993299 95522578
chr8_block63 8 95522578 98389353
chr8_block64 8 98389353 100608730
chr8_block65 8 100608730 103111078
chr8_block66 8 103111078 103976524
chr8_block67 8 103976524 106398526
chr8_block68 8 106398526 107635949
chr8_block69 8 107635949 108235944
chr8_block70 8 108235944 109472085
chr8_block71 8 109472085 110838618
chr8_block72 8 110838618 112052091
chr8_block73 8 112052091 115084266
chr8_block74 8 115084266 118673218
chr8_block75 8 118673218 120189461
chr8_block76 8 120189461 123849219
chr8_block77 8 123849219 124671478
chr8_block78 8 124671478 125398675
chr8_block79 8 125398675 127646866
chr8_block80 8 127646866 129368893
chr8_block81 8 129368893 130627379
chr8_block82 8 130627379 132338897
chr8_block83 8 132338897 133557758
chr8_block84 8 133557758 135023362
chr8_block85 8 135023362 136511908
chr8_block86 8 136511908 138242587
chr8_block87 8 138242587 139713400
chr8_block88 8 139713400 141963553
chr8_block89 8 141963553 143155464
chr9_block0 9 10023 1079707
chr9_block1 9 1079707 1916877
chr9_block2 9 1916877 3190064
chr9_block3 9 3190064 4495328
chr9_block4 9 4495328 4884926
chr9_block5 9 4884926 6557589
chr9_block6 9 6557589 7154923
chr9_block7 9 7154923 8456299
chr9_block8 9 8456299 9166403
chr9_block9 9 9166403 10879253
chr9_block10 9 10879253 12276489
chr9_block11 9 12276489 14836365
chr9_block12 9 14836365 16659657
chr9_block13 9 16659657 18661053
chr9_block14 9 18661053 20463536
chr9_block15 9 20463536 22206560
chr9_block16 9 22206560 24158520
chr9_block17 9 24158520 25330812
chr9_block18 9 25330812 26111759
chr9_block19 9 26111759 28224285
chr9_block20 9 28224285 28811586
chr9_block21 9 28811586 30387394
chr9_block22 9 30387394 31310385
chr9_block23 9 31310385 32019370
chr9_block24 9 32019370 33578336
chr9_block25 9 33578336 34642246
chr9_block26 9 34642246 36743286
chr9_block27 9 36743286 38641602
chr9_block27a 9 38641603 69897794
chr9_block28 9 69897795 70138839
chr9_block29 9 70138839 71638124
chr9_block30 9 71638124 73589030
chr9_block31 9 73589030 74358165
chr9_block32 9 74358165 76285267
chr9_block33 9 76285267 76856292
chr9_block34 9 76856292 78464139
chr9_block35 9 78464139 79976013
chr9_block36 9 79976013 81596318
chr9_block37 9 81596318 82825886
chr9_block38 9 82825886 84323281
chr9_block39 9 84323281 85494418
chr9_block40 9 85494418 85975502
chr9_block41 9 85975502 87521331
chr9_block42 9 87521331 89827251
chr9_block42a 9 89827252 91404920
chr9_block43 9 91404921 93909416
chr9_block44 9 93909416 96159758
chr9_block45 9 96159758 98830577
chr9_block46 9 98830577 101862155
chr9_block47 9 101862155 103205694
chr9_block48 9 103205694 104819468
chr9_block49 9 104819468 106536473
chr9_block50 9 106536473 107932781
chr9_block51 9 107932781 110015744
chr9_block52 9 110015744 112068802
chr9_block53 9 112068802 112930865
chr9_block54 9 112930865 114257521
chr9_block55 9 114257521 115159681
chr9_block56 9 115159681 118559259
chr9_block57 9 118559259 119498019
chr9_block58 9 119498019 122109043
chr9_block59 9 122109043 124209608
chr9_block60 9 124209608 126297386
chr9_block61 9 126297386 127293231
chr9_block62 9 127293231 129403191
chr9_block62a 9 129403192 130347829
chr9_block63 9 130347830 131252501
chr9_block64 9 131252501 132423455
chr9_block65 9 132423455 134176000
chr9_block65a 9 134176001 134697517
chr9_block66 9 134697518 136047132
chr9_block66a 9 136047133 136605889
chr9_block67 9 136605890 138254346
chr10_block0 10 14583 705399
chr10_block1 10 705399 1481349
chr10_block2 10 1481349 2212306
chr10_block3 10 2212306 3310507
chr10_block4 10 3310507 4530082
chr10_block5 10 4530082 5941799
chr10_block6 10 5941799 7129522
chr10_block7 10 7129522 8732702
chr10_block8 10 8732702 10207433
chr10_block9 10 10207433 12544798
chr10_block10 10 12544798 13279600
chr10_block11 10 13279600 14984069
chr10_block12 10 14984069 16509768
chr10_block12a 10 16509769 18248337
chr10_block13 10 18248338 19427949
chr10_block14 10 19427949 22483354
chr10_block15 10 22483354 22886203
chr10_block16 10 22886203 25289667
chr10_block17 10 25289667 26599755
chr10_block18 10 26599755 29034307
chr10_block19 10 29034307 29494763
chr10_block20 10 29494763 30169909
chr10_block21 10 30169909 31618591
chr10_block22 10 31618591 33419040
chr10_block23 10 33419040 34820427
chr10_block24 10 34820427 36283580
chr10_block25 10 36283580 37501101
chr10_block25a 10 37501102 43399322
chr10_block26 10 43399323 44234627
chr10_block26a 10 44234628 51856868
chr10_block27 10 51856869 53343812
chr10_block28 10 53343812 55271380
chr10_block29 10 55271380 55902386
chr10_block30 10 55902386 57199768
chr10_block31 10 57199768 58530227
chr10_block32 10 58530227 60131651
chr10_block33 10 60131651 60899921
chr10_block34 10 60899921 61581937
chr10_block35 10 61581937 64034354
chr10_block36 10 64034354 65789857
chr10_block37 10 65789857 68140391
chr10_block38 10 68140391 68436234
chr10_block39 10 68436234 70461094
chr10_block40 10 70461094 71748755
chr10_block41 10 71748755 73662792
chr10_block42 10 73662792 76947056
chr10_block43 10 76947056 79116992
chr10_block44 10 79116992 80654923
chr10_block45 10 80654923 82623989
chr10_block46 10 82623989 83698947
chr10_block47 10 83698947 86177820
chr10_block48 10 86177820 87367307
chr10_block49 10 87367307 89253624
chr10_block50 10 89253624 90246824
chr10_block51 10 90246824 91575290
chr10_block52 10 91575290 93636611
chr10_block53 10 93636611 94461486
chr10_block54 10 94461486 96062600
chr10_block55 10 96062600 98481545
chr10_block56 10 98481545 98908643
chr10_block57 10 98908643 101189482
chr10_block58 10 101189482 102620653
chr10_block59 10 102620653 104935290
chr10_block60 10 104935290 106966928
chr10_block61 10 106966928 108557947
chr10_block62 10 108557947 110801735
chr10_block63 10 110801735 113568673
chr10_block64 10 113568673 114661647
chr10_block65 10 114661647 117764423
chr10_block66 10 117764423 118831841
chr10_block67 10 118831841 120647811
chr10_block68 10 120647811 121471951
chr10_block69 10 121471951 122141030
chr10_block70 10 122141030 124109830
chr10_block71 10 124109830 126312529
chr10_block71a 10 126312530 127356097
chr10_block72 10 127356098 129046020
chr10_block73 10 129046020 129943063
chr10_block74 10 129943063 130781981
chr10_block74a 10 130781982 132522824
chr10_block75 10 132522825 132681169
chr10_block76 10 132681169 133786540
chr11_block0 11 70855 1192365
chr11_block1 11 1192365 3644251
chr11_block2 11 3644251 4725479
chr11_block3 11 4725479 6301639
chr11_block4 11 6301639 7415470
chr11_block5 11 7415470 8311727
chr11_block6 11 8311727 9065770
chr11_block7 11 9065770 10930480
chr11_block8 11 10930480 12542682
chr11_block9 11 12542682 13351577
chr11_block10 11 13351577 15721006
chr11_block11 11 15721006 17556855
chr11_block12 11 17556855 19547988
chr11_block13 11 19547988 20995592
chr11_block14 11 20995592 22352596
chr11_block15 11 22352596 24066971
chr11_block16 11 24066971 26024206
chr11_block17 11 26024206 26998914
chr11_block18 11 26998914 28460046
chr11_block19 11 28460046 30119810
chr11_block20 11 30119810 32255355
chr11_block21 11 32255355 33937192
chr11_block22 11 33937192 35481057
chr11_block23 11 35481057 37095265
chr11_block24 11 37095265 39360453
chr11_block25 11 39360453 42288453
chr11_block26 11 42288453 44672249
chr11_block27 11 44672249 46984586
chr11_block28 11 46984586 49844498
chr11_block28a 11 49844499 54927997
chr11_block29 11 54927998 55315181
chr11_block30 11 55315181 58690022
chr11_block31 11 58690022 59013076
chr11_block32 11 59013076 62456299
chr11_block33 11 62456299 64037097
chr11_block34 11 64037097 66131160
chr11_block35 11 66131160 68238358
chr11_block36 11 68238358 69701362
chr11_block37 11 69701362 71215246
chr11_block38 11 71215246 72574973
chr11_block39 11 72574973 74701306
chr11_block40 11 74701306 77086163
chr11_block41 11 77086163 78644013
chr11_block42 11 78644013 81011330
chr11_block43 11 81011330 81555670
chr11_block44 11 81555670 84670229
chr11_block45 11 84670229 86908259
chr11_block46 11 86908259 87719343
chr11_block47 11 87719343 89475768
chr11_block48 11 89475768 91233322
chr11_block49 11 91233322 92343978
chr11_block50 11 92343978 93542991
chr11_block51 11 93542991 94509094
chr11_block52 11 94509094 95992877
chr11_block52a 11 95992878 97186057
chr11_block53 11 97186058 98834335
chr11_block54 11 98834335 100546438
chr11_block55 11 100546438 101460390
chr11_block56 11 101460390 104088908
chr11_block57 11 104088908 105002557
chr11_block58 11 105002557 106650168
chr11_block59 11 106650168 107973474
chr11_block60 11 107973474 108566310
chr11_block61 11 108566310 109995390
chr11_block62 11 109995390 111243672
chr11_block63 11 111243672 112588765
chr11_block64 11 112588765 114387006
chr11_block65 11 114387006 114959946
chr11_block66 11 114959946 116512631
chr11_block67 11 116512631 117876395
chr11_block68 11 117876395 119344766
chr11_block69 11 119344766 120896097
chr11_block70 11 120896097 121305234
chr11_block71 11 121305234 122721202
chr11_block72 11 122721202 123629409
chr11_block73 11 123629409 124625632
chr11_block74 11 124625632 126441425
chr11_block75 11 126441425 127446784
chr11_block76 11 127446784 128318642
chr11_block77 11 128318642 130472680
chr11_block78 11 130472680 131204717
chr11_block79 11 131204717 133130151
chr11_block80 11 133130151 134336099
chr11_block81 11 134336099 135076558
chr12_block0 12 971165 2435620
chr12_block1 12 2435620 3567871
chr12_block2 12 3567871 4308513
chr12_block3 12 4308513 5212306
chr12_block4 12 5212306 6310587
chr12_block5 12 6310587 8224940
chr12_block6 12 8224940 8878799
chr12_block7 12 8878799 10328935
chr12_block8 12 10328935 11601912
chr12_block9 12 11601912 12580594
chr12_block10 12 12580594 15088550
chr12_block11 12 15088550 16157526
chr12_block12 12 16157526 17934939
chr12_block13 12 17934939 20711009
chr12_block14 12 20711009 23667700
chr12_block15 12 23667700 25218149
chr12_block16 12 25218149 27646840
chr12_block17 12 27646840 29498322
chr12_block18 12 29498322 30359473
chr12_block19 12 30359473 32012658
chr12_block20 12 32012658 32924055
chr12_block20a 12 32924056 37462914
chr12_block21 12 37462915 38833367
chr12_block22 12 38833367 40422383
chr12_block23 12 40422383 41264784
chr12_block24 12 41264784 43590671
chr12_block25 12 43590671 45630446
chr12_block26 12 45630446 47321010
chr12_block27 12 47321010 48608083
chr12_block28 12 48608083 51382710
chr12_block29 12 51382710 52645220
chr12_block30 12 52645220 54385039
chr12_block31 12 54385039 55272053
chr12_block32 12 55272053 57155077
chr12_block33 12 57155077 58914885
chr12_block34 12 58914885 60729948
chr12_block35 12 60729948 63638681
chr12_block36 12 63638681 65165915
chr12_block37 12 65165915 66787364
chr12_block38 12 66787364 67515949
chr12_block39 12 67515949 69432762
chr12_block40 12 69432762 70564207
chr12_block41 12 70564207 72251295
chr12_block42 12 72251295 73424674
chr12_block43 12 73424674 76117534
chr12_block44 12 76117534 78176790
chr12_block45 12 78176790 80054370
chr12_block46 12 80054370 81073988
chr12_block47 12 81073988 83108887
chr12_block48 12 83108887 83910065
chr12_block49 12 83910065 85596648
chr12_block50 12 85596648 89288345
chr12_block51 12 89288345 91672378
chr12_block52 12 91672378 94120791
chr12_block53 12 94120791 95627009
chr12_block54 12 95627009 96715061
chr12_block55 12 96715061 98912209
chr12_block56 12 98912209 101053863
chr12_block57 12 101053863 101468912
chr12_block58 12 101468912 102571208
chr12_block59 12 102571208 104454918
chr12_block60 12 104454918 106042435
chr12_block61 12 106042435 106564970
chr12_block62 12 106564970 108632125
chr12_block63 12 108632125 109898914
chr12_block64 12 109898914 112825713
chr12_block65 12 112825713 113548904
chr12_block66 12 113548904 114598797
chr12_block67 12 114598797 115065411
chr12_block68 12 115065411 116649666
chr12_block69 12 116649666 117697570
chr12_block70 12 117697570 119316305
chr12_block71 12 119316305 121569746
chr12_block72 12 121569746 124493434
chr12_block73 12 124493434 125960959
chr12_block74 12 125960959 127390553
chr12_block75 12 127390553 128752752
chr12_block76 12 128752752 129893376
chr12_block77 12 129893376 131302206
chr12_block77a 12 131302207 132236186
chr12_block78 12 132236187 133264925
chr13_block0 13 18445873 20112581
chr13_block1 13 20112581 21668035
chr13_block2 13 21668035 23020563
chr13_block3 13 23020563 23957798
chr13_block4 13 23957798 25210224
chr13_block5 13 25210224 26710225
chr13_block6 13 26710225 28683414
chr13_block7 13 28683414 29909130
chr13_block8 13 29909130 31727678
chr13_block9 13 31727678 33202766
chr13_block10 13 33202766 34452327
chr13_block11 13 34452327 35472230
chr13_block12 13 35472230 36924048
chr13_block13 13 36924048 38304026
chr13_block14 13 38304026 40495126
chr13_block15 13 40495126 42526891
chr13_block16 13 42526891 44327273
chr13_block17 13 44327273 45921079
chr13_block18 13 45921079 46856944
chr13_block19 13 46856944 48809826
chr13_block20 13 48809826 51016955
chr13_block21 13 51016955 52765487
chr13_block22 13 52765487 54108729
chr13_block23 13 54108729 55242996
chr13_block24 13 55242996 56980083
chr13_block25 13 56980083 57836492
chr13_block26 13 57836492 58728137
chr13_block27 13 58728137 60280644
chr13_block28 13 60280644 61017815
chr13_block29 13 61017815 63397426
chr13_block30 13 63397426 64626470
chr13_block31 13 64626470 67270321
chr13_block32 13 67270321 70150384
chr13_block33 13 70150384 70952659
chr13_block34 13 70952659 73359952
chr13_block35 13 73359952 75096006
chr13_block36 13 75096006 76836420
chr13_block37 13 76836420 78234678
chr13_block38 13 78234678 80011541
chr13_block39 13 80011541 82007679
chr13_block40 13 82007679 83559009
chr13_block41 13 83559009 85036781
chr13_block41a 13 85036782 87907626
chr13_block42 13 87907627 89869057
chr13_block43 13 89869057 92477438
chr13_block44 13 92477438 92934202
chr13_block45 13 92934202 95435304
chr13_block46 13 95435304 96866956
chr13_block47 13 96866956 98286665
chr13_block48 13 98286665 99921841
chr13_block49 13 99921841 101648173
chr13_block50 13 101648173 103414360
chr13_block51 13 103414360 104191764
chr13_block52 13 104191764 105595205
chr13_block53 13 105595205 106097651
chr13_block54 13 106097651 107537529
chr13_block55 13 107537529 108468862
chr13_block56 13 108468862 109162764
chr13_block57 13 109162764 110579726
chr13_block58 13 110579726 111595245
chr14_block0 14 18225607 21121243
chr14_block1 14 21121243 22549721
chr14_block2 14 22549721 24435917
chr14_block3 14 24435917 25666480
chr14_block4 14 25666480 27997327
chr14_block5 14 27997327 29502939
chr14_block6 14 29502939 31914059
chr14_block7 14 31914059 34377045
chr14_block8 14 34377045 35390387
chr14_block9 14 35390387 38198520
chr14_block10 14 38198520 39872786
chr14_block11 14 39872786 41146299
chr14_block12 14 41146299 42668186
chr14_block13 14 42668186 44074024
chr14_block14 14 44074024 45612693
chr14_block15 14 45612693 46279927
chr14_block16 14 46279927 48104383
chr14_block17 14 48104383 48536268
chr14_block18 14 48536268 50041042
chr14_block19 14 50041042 51026854
chr14_block20 14 51026854 53007665
chr14_block21 14 53007665 53531113
chr14_block22 14 53531113 54766963
chr14_block23 14 54766963 55750162
chr14_block24 14 55750162 57014544
chr14_block25 14 57014544 58981618
chr14_block26 14 58981618 61213706
chr14_block27 14 61213706 63323296
chr14_block28 14 63323296 64753580
chr14_block29 14 64753580 65932837
chr14_block30 14 65932837 67525600
chr14_block31 14 67525600 70665240
chr14_block32 14 70665240 72422907
chr14_block33 14 72422907 75978424
chr14_block34 14 75978424 76763129
chr14_block35 14 76763129 78095602
chr14_block36 14 78095602 79720236
chr14_block37 14 79720236 81113370
chr14_block38 14 81113370 82671753
chr14_block39 14 82671753 83775289
chr14_block40 14 83775289 85279975
chr14_block41 14 85279975 86180658
chr14_block42 14 86180658 87168997
chr14_block43 14 87168997 89031299
chr14_block44 14 89031299 90830516
chr14_block45 14 90830516 92665954
chr14_block46 14 92665954 93858939
chr14_block47 14 93858939 95284530
chr14_block48 14 95284530 95796078
chr14_block49 14 95796078 97874825
chr14_block50 14 97874825 98672195
chr14_block51 14 98672195 101067970
chr14_block52 14 101067970 102545765
chr14_block53 14 102545765 104535386
chr14_block54 14 104535386 105874495
chr15_block0 15 19795947 20926275
chr15_block1 15 23949980 24863443
chr15_block2 15 24863443 27052965
chr15_block3 15 27052965 29046299
chr15_block4 15 29046299 29873365
chr15_block5 15 29873365 31299618
chr15_block6 15 31299618 32149610
chr15_block7 15 32149610 33723224
chr15_block8 15 33723224 34791050
chr15_block9 15 34791050 37164301
chr15_block10 15 37164301 38238576
chr15_block11 15 38238576 40091931
chr15_block12 15 40091931 40885316
chr15_block13 15 40885316 42484201
chr15_block14 15 42484201 43905851
chr15_block15 15 43905851 46326589
chr15_block16 15 46326589 47843851
chr15_block17 15 47843851 49715846
chr15_block18 15 49715846 51385363
chr15_block19 15 51385363 52776899
chr15_block20 15 52776899 54216331
chr15_block21 15 54216331 54844071
chr15_block22 15 54844071 56609575
chr15_block23 15 56609575 58149167
chr15_block24 15 58149167 59401917
chr15_block25 15 59401917 60973637
chr15_block26 15 60973637 62923023
chr15_block27 15 62923023 64812469
chr15_block28 15 64812469 66802429
chr15_block29 15 66802429 68725660
chr15_block30 15 68725660 69841002
chr15_block31 15 69841002 71630310
chr15_block32 15 71630310 73336373
chr15_block33 15 73336373 76106283
chr15_block34 15 76106283 78223711
chr15_block35 15 78223711 80568637
chr15_block35a 15 80568638 83591715
chr15_block36 15 83591716 86109674
chr15_block37 15 86109674 87826712
chr15_block38 15 87826712 89932319
chr15_block39 15 89932319 91621162
chr15_block40 15 91621162 93237673
chr15_block41 15 93237673 94381101
chr15_block42 15 94381101 95598367
chr15_block43 15 95598367 97487680
chr15_block44 15 97487680 98700830
chr15_block45 15 98700830 100096642
chr15_block46 15 100096642 101012489
chr15_block47 15 101012489 101980763
chr16_block0 16 10054 1157206
chr16_block1 16 1157206 2714828
chr16_block2 16 2714828 3951195
chr16_block3 16 3951195 5068344
chr16_block4 16 5068344 5841579
chr16_block5 16 5841579 6843550
chr16_block6 16 6843550 7479119
chr16_block7 16 7479119 8288517
chr16_block8 16 8288517 9705562
chr16_block9 16 9705562 10332175
chr16_block10 16 10332175 11426305
chr16_block11 16 11426305 12519241
chr16_block12 16 12519241 13060580
chr16_block13 16 13060580 14370145
chr16_block14 16 14370145 16060203
chr16_block15 16 16060203 17550892
chr16_block16 16 17550892 18632285
chr16_block17 16 18632285 20139249
chr16_block18 16 20139249 22437583
chr16_block19 16 22437583 24125554
chr16_block20 16 24125554 25975541
chr16_block21 16 25975541 27434434
chr16_block22 16 27434434 29025292
chr16_block23 16 29025292 31371622
chr16_block23a 16 31371623 46381082
chr16_block24 16 46381083 48974015
chr16_block25 16 48974015 52001911
chr16_block26 16 52001911 53348660
chr16_block27 16 53348660 55869862
chr16_block28 16 55869862 57630418
chr16_block29 16 57630418 59011501
chr16_block30 16 59011501 60711790
chr16_block31 16 60711790 62195945
chr16_block32 16 62195945 63657685
chr16_block33 16 63657685 65904663
chr16_block34 16 65904663 68807460
chr16_block35 16 68807460 71020125
chr16_block36 16 71020125 72901251
chr16_block37 16 72901251 74937605
chr16_block38 16 74937605 75944056
chr16_block39 16 75944056 77489781
chr16_block40 16 77489781 78422395
chr16_block41 16 78422395 79100918
chr16_block42 16 79100918 80263477
chr16_block43 16 80263477 81738931
chr16_block44 16 81738931 82714123
chr16_block45 16 82714123 83443603
chr16_block46 16 83443603 84412277
chr16_block47 16 84412277 85115079
chr16_block48 16 85115079 86122993
chr16_block49 16 86122993 86781805
chr16_block50 16 86781805 87613743
chr16_block51 16 87613743 88974757
chr16_block52 16 88974757 90226404
chr17_block0 17 1269105 2025437
chr17_block1 17 2025437 3799018
chr17_block2 17 3799018 4792966
chr17_block3 17 4792966 5838014
chr17_block4 17 5838014 7414079
chr17_block5 17 7414079 8403107
chr17_block6 17 8403107 10062604
chr17_block7 17 10062604 11199498
chr17_block8 17 11199498 12631452
chr17_block9 17 12631452 13277055
chr17_block10 17 13277055 13991320
chr17_block11 17 13991320 15115780
chr17_block12 17 15115780 16509028
chr17_block13 17 16509028 18953007
chr17_block14 17 18953007 21387045
chr17_block14a 17 21387046 29007225
chr17_block15 17 29007226 31459473
chr17_block16 17 31459473 33211407
chr17_block17 17 33211407 34585779
chr17_block18 17 34585779 36141651
chr17_block18a 17 36141652 38653090
chr17_block19 17 38653091 40721152
chr17_block20 17 40721152 41743558
chr17_block21 17 41743558 43694719
chr17_block22 17 43694719 44979537
chr17_block23 17 44979537 47798656
chr17_block24 17 47798656 49440038
chr17_block25 17 49440038 51821597
chr17_block26 17 51821597 52641695
chr17_block27 17 52641695 53748757
chr17_block28 17 53748757 55522071
chr17_block29 17 55522071 57280180
chr17_block30 17 57280180 59410151
chr17_block31 17 59410151 61235394
chr17_block32 17 61235394 63468228
chr17_block33 17 63468228 65152010
chr17_block34 17 65152010 66804312
chr17_block35 17 66804312 69862629
chr17_block36 17 69862629 71391676
chr17_block37 17 71391676 74676064
chr17_block38 17 74676064 76379479
chr17_block39 17 76379479 78267332
chr17_block40 17 78267332 79302554
chr17_block40a 17 79302555 80863787
chr17_block41 17 80863788 82076532
chr17_block42 17 82076532 83247139
chr18_block0 18 10644 912485
chr18_block1 18 912485 1942910
chr18_block2 18 1942910 3891658
chr18_block3 18 3891658 5834181
chr18_block4 18 5834181 7090486
chr18_block5 18 7090486 8498933
chr18_block6 18 8498933 11075914
chr18_block7 18 11075914 11905441
chr18_block8 18 11905441 14440800
chr18_block8a 18 14440801 21905882
chr18_block9 18 21905883 23069508
chr18_block10 18 23069508 25416687
chr18_block11 18 25416687 26446227
chr18_block12 18 26446227 28347718
chr18_block13 18 28347718 29295622
chr18_block14 18 29295622 30286513
chr18_block15 18 30286513 32684103
chr18_block16 18 32684103 34200103
chr18_block17 18 34200103 36282001
chr18_block18 18 36282001 37495287
chr18_block19 18 37495287 38785526
chr18_block20 18 38785526 40104403
chr18_block21 18 40104403 42312683
chr18_block22 18 42312683 45342141
chr18_block23 18 45342141 46719283
chr18_block24 18 46719283 48413361
chr18_block25 18 48413361 50204214
chr18_block26 18 50204214 53535815
chr18_block27 18 53535815 54027805
chr18_block28 18 54027805 57546606
chr18_block29 18 57546606 58862988
chr18_block30 18 58862988 59963251
chr18_block31 18 59963251 61353518
chr18_block32 18 61353518 62610482
chr18_block33 18 62610482 64153018
chr18_block34 18 64153018 65796166
chr18_block35 18 65796166 66585564
chr18_block36 18 66585564 68458580
chr18_block37 18 68458580 69508584
chr18_block38 18 69508584 70953943
chr18_block39 18 70953943 71954382
chr18_block40 18 71954382 73371239
chr18_block41 18 73371239 74304227
chr18_block42 18 74304227 75815032
chr18_block43 18 75815032 77101859
chr18_block44 18 77101859 78216317
chr18_block45 18 78216317 79389991
chr18_block46 18 79389991 80259271
chr19_block0 19 80840 610729
chr19_block1 19 610729 2098397
chr19_block2 19 2098397 3019662
chr19_block3 19 3019662 4348970
chr19_block4 19 4348970 5811841
chr19_block5 19 5811841 6684874
chr19_block5a 19 6684875 9127716
chr19_block6 19 9127717 11173352
chr19_block7 19 11173352 13360313
chr19_block8 19 13360313 14375535
chr19_block9 19 14375535 15537799
chr19_block10 19 15537799 16263605
chr19_block11 19 16263605 18299052
chr19_block12 19 18299052 19766662
chr19_block12a 19 19766663 20722950
chr19_block13 19 20722951 22550094
chr19_block14 19 22550094 23284944
chr19_block14a 19 23284945 28066985
chr19_block15 19 28066986 29300040
chr19_block16 19 29300040 30237047
chr19_block17 19 30237047 32255614
chr19_block18 19 32255614 33772047
chr19_block19 19 33772047 35978393
chr19_block20 19 35978393 37036131
chr19_block21 19 37036131 39679979
chr19_block22 19 39679979 40478694
chr19_block23 19 40478694 41625199
chr19_block24 19 41625199 43358303
chr19_block25 19 43358303 44239955
chr19_block26 19 44239955 45599439
chr19_block27 19 45599439 46646825
chr19_block28 19 46646825 48778970
chr19_block29 19 48778970 51029311
chr19_block30 19 51029311 52482037
chr19_block31 19 52482037 54099074
chr19_block32 19 54099074 55216712
chr19_block33 19 55216712 57009967
chr19_block34 19 57009967 58607472
chr20_block0 20 79838 716956
chr20_block1 20 716956 2488855
chr20_block2 20 2488855 3847766
chr20_block3 20 3847766 5497204
chr20_block4 20 5497204 7103426
chr20_block5 20 7103426 8136364
chr20_block6 20 8136364 9750273
chr20_block7 20 9750273 11268888
chr20_block8 20 11268888 12466851
chr20_block9 20 12466851 13709217
chr20_block10 20 13709217 15977714
chr20_block11 20 15977714 17506587
chr20_block12 20 17506587 18991559
chr20_block13 20 18991559 20979069
chr20_block14 20 20979069 22510818
chr20_block15 20 22510818 23313153
chr20_block16 20 23313153 24737088
chr20_block17 20 24737088 25363595
chr20_block17a 20 25363596 33027016
chr20_block18 20 33027017 34225635
chr20_block19 20 34225635 36332043
chr20_block20 20 36332043 38281128
chr20_block21 20 38281128 39808119
chr20_block22 20 39808119 40982216
chr20_block23 20 40982216 41957049
chr20_block24 20 41957049 42986820
chr20_block25 20 42986820 44051536
chr20_block26 20 44051536 46210417
chr20_block27 20 46210417 48583442
chr20_block28 20 48583442 50623121
chr20_block29 20 50623121 53856010
chr20_block30 20 53856010 55438728
chr20_block31 20 55438728 57872903
chr20_block32 20 57872903 59831517
chr20_block33 20 59831517 60986668
chr20_block33a 20 60986669 62670502
chr20_block34 20 62670503 63558827
chr20_block35 20 63558827 64333810
chr21_block0 21 14578661 16680846
chr21_block1 21 16680846 18108057
chr21_block2 21 18108057 19590025
chr21_block3 21 19590025 20700449
chr21_block4 21 20700449 21990556
chr21_block5 21 21990556 23323909
chr21_block6 21 23323909 25096809
chr21_block7 21 25096809 25898707
chr21_block8 21 25898707 27752907
chr21_block9 21 27752907 29824708
chr21_block10 21 29824708 31296327
chr21_block11 21 31296327 33004691
chr21_block12 21 33004691 33853161
chr21_block13 21 33853161 35152076
chr21_block14 21 35152076 36498481
chr21_block15 21 36498481 37339402
chr21_block16 21 37339402 39110976
chr21_block17 21 39110976 40017600
chr21_block18 21 40017600 41901419
chr21_block19 21 41901419 43086158
chr21_block20 21 43086158 44757190
chr21_block21 21 44757190 46072312
chr21_block22 21 46072312 46699840
chr22_block0 22 17193405 17813322
chr22_block1 22 17813322 19924835
chr22_block1a 22 19924836 22002926
chr22_block2 22 22002927 23370460
chr22_block3 22 23370460 24588236
chr22_block4 22 24588236 26395662
chr22_block5 22 26395662 27438791
chr22_block6 22 27438791 29255810
chr22_block7 22 29255810 31043932
chr22_block8 22 31043932 32268999
chr22_block9 22 32268999 34098925
chr22_block10 22 34098925 35134992
chr22_block11 22 35134992 37174229
chr22_block12 22 37174229 38911889
chr22_block13 22 38911889 40149793
chr22_block14 22 40149793 42294812
chr22_block15 22 42294812 43318194
chr22_block16 22 43318194 44599428
chr22_block17 22 44599428 46074615
chr22_block18 22 46074615 47200568
chr22_block19 22 47200568 48507891
chr22_block20 22 48507891 49430885
chr22_block21 22 49430885 50804870
